00000000
10011111
00000000
10011111
00000000
00000000
10101111
10101111
10101111
00000000
10011111
10011111
10011111
00000000
11001111
11001111
11001111
00000000
00000000
01001111
01001111
00000000
00000000
10011111
00000000
10011111
00000000
10101111
10101111
10101111
10101111
00000000
10011111
10011111
10011111
10011111
00000000
11011111
11011111
11011111
11011111
00000000
11001111
11001111
00000000
00000000
10011111
10011111
10011111
00000000
10011111
10011111
10011111
00000000
01111111
01111111
01111111
00000000
11001111
11001111
11001111
00000000
01001111
01001111
